039
132
159
245
374
778
840
696
233
777
199
648
118
229
456
369
255
473
204
248
693
131
384
683
257
249
643
293
369
357
028
863
269
281
197
224
888
124
016
666
157
517
912
434
586
683
223
912
216
109
249
808
258
593
823
444
397
357
111
272
698
648
144
197
483
296
521
157
999
101
799
912
590
122
712
247
229
194
202
013
953
106
295
206
746
118
216
195
108
523
618
192
835
890
756
093
489
144
104
232
888
130
094
599
530
187
345
291
638
154
410
104
207
158
110
229
253
999
925
658
345
887
108
578
942
831
118
572
402
293
229
888
181
265
031
438
293
763
392
159
593
574
189
265
291
222
114
721
195
142
389
059
045
235
999
495
923
518
345
710
152
657
569
203
383
368
079
279
814
998
436
628
442
359
116
664
108
339
273
418
647
335
597
446
652
269
198
552
712
104
684
118
305
343
743
129
199
027
244
372
123
271
235
126
705
583
811
927
141
246
837
427
898
213
317
383
721
197
552
548
280
802
573
133
820
212
416
336
719
357
836
567
458
379
335
788
295
236
569
763
126
365
313
179
936
811
162
239
836
393
976
369
565
149
529
654
283
485
527
217
158
593
432
896
098
375
482
968
326
341
227
441
006
748
723
705
154
629
158
489
569
946
234
573
185
836
158
486
729
235
536
790
884
558
725
461
303
235
518
263
765
656
813
640
187
129
968
671
911
737
222
263
983
214
805
937
548
815
846
947
665
420
851
472
119
242
220
264
190
989
284
344
256
958
036
970
877
425
929
252
718
782
511
248
923
202
913
133
266
153
114
111
689
371
004
417
379
297
850
257
375
578
205
888
262
367
547
742
187
748
435
285
547
285
693
478
996
137
025
165
126
476
777
478
821
278
245
366
354
244
863
689
123
149
172
777
107
276
865
263
210
713
088
806
555
946
795
857
181
268
927
486
289
367
291
165
308
269
191
537
628
573
738
233
368
432
583
198
476
088
278
169
429
999
044
398
140
039
301
259
759
188
292
247
018
444
664
226
506
437
472
624
267
463
240
527
394
838
898
101
211
573
666
131
960
921
832
318
752
235
113
904
238
712
274
235
954
217
236
153
324
516
168
285
493
267
753
784
376
854
839
315
458
164
836
666
489
510
396
251
333
173
254
152
153
459
067
652
704
749
719
484
666
255
689
568
518
563
515
217
535
250
299
345
708
367
369
139
237
711
898
145
870
158
536
358
492
263
158
136
356
785
273
108
722
769
149
208
883
504
283
426
777
200
287
142
928
086
533
586
718
614
004
244
256
861
727
198
993
438
382
158
715
292
713
072
714
298
249
314
351
128
012
508
932
